2635091198
2694969613
2510058628
2831684103
2774502162
2775496311
2645608546
2694671373
2638982584
2633683355
2506620461
2525218552
2839171811
2595649133
2844339541
2843489515
2838755606
2596564163
2698505560
2757667243
2832917348
2690581469
2690577708
2597129773
2624321972
2701189931
2793151884
2698168963
2617525672
2633959559
2529761045
2514686060
2582790239
2804834806
2839332508
2649677051
2649627729
2721268601
2523455589
2576691755
2841392934
2721482876
2720600946
2581507654
2791189121
2832070616
2553922739
2815889776
2843046464
2805098939
2599730630
2676879045
2582670630
2841712813
2582819848
2582703891
2806098186
2802560141
2523714848
2596233878
651035263
2815260526
2731795544
2671244614
2644009986
2620534418
2815819320
2640999868
2835305355
2735800907
2644370328
2813658015
2827968894
2775680929
2695000979
2582692245
2834883856
2718500309
2646568580
2816429207
2758702375
2804778595
2530092763
2644683570
2789723109
2804837405
2789733182
2789692800
643194869
2789731449
2611871193
2640015265
2789698336
2789711593
2718438304
2788133129
2695092050
2700332580
2620489875
2755133975
2651040915
2841719940
2698068322
2619597228
2802774887
2843465079
2644969071
2820789759
2799384807
2694987848
2810444233
2541325967
2698172196
2778134819
2600712378
2700346993
2687245777
2640517917
2677117884
2701207138
2832003358
2623252289
2758353282
2597229042
2520878306
2728092093
2718434542
2686406338
2597216593
2609640897
2840672305
2739302867
2639193836
2685865070
2812947684
2689671917
2523667939
2832453418
2620733515
2815320445
2686405403
2776465276
2734690261
2844264767
2724244123
2638662669
2519828817
2620322104
2776465275
2800486703
2800530947
2800308925
2620322105
2800473168
2800404049
2801008259
2800480178
2653859027
2800997241
2801057304
2800441385
2800980288
2705617888
2800994262
2742634759
2529355578
2800484641
2562537474
2671584201
2529355577
2657156260
2705672426
2800525076
2800494411
2800594675
2801068496
2801091187
2800551763
2804791612
2684534632
2729649466
2800307919
2800609310
2705678359
2800356520
2800520305
2800420287
2801088051
2701213014
2587038104
2532891506
2800427302
2596918006
651373055
2800987562
649893221
2800505827
2562749532
2597417304
2515393792
648890715
2515399851
2513132074
2515362052
2799515842
2608637246
2657197525
2801072149
2506842606
2563279320
2705643035
2801021953
646221900
2515841374
2800593975
2815232454
650040530
2675891146
2532994467
2696474454
2677441878
2650972732
2813029518
2551304154
2624733411
2820650988
2778113389
2820792668
2836879497
2563259814
2648912260
2817415331
2608636634
2817415332
2841391531
2800998432
2801040768
2623410727
2844264768
2599716872
2724244124
2800512535
2708584595
2792563082
2698225160
2800472598
2815258306
2742634758
2812675218
2529367236
2624735610
2624722225
2800492717
2800987301
2624630949
2562539072
2800302778
2800388716
2626519871
2800319498
646145389
2800979820
2801046239
2624896005
2800431725
2705620029
2587161830
2800322915
2800592892
2800495846
2624894459
2800364705
2800409919
2800600889
2800523416
2800525024
2800507699
2800410755
2800543220
2800441470
2800363617
2705640808
2800399245
2705613985
2800494411
2705617888
2696473056
2708597442
2708584595
2648912260
2800419876
2705678359
2800420287
2800452489
2801011631
2705712863
2800987562
2800971925
2701213014
2587038104
2657156260
2800551763
2624543553
2705669606
2643332436
2801008259
2800997241
2517818653
2801057304
643041328
2587005228
2801072149
2551304154
2532994467
2801088051
2696474454
2813029518
2562537474
2576020132
2700127468
2578729769
2573193585
2532891506
2815232454
2562749532
2675891146
2643334272
2597417304
2657164636
648904259
2562204307
2562731899
2621283032
2643332054
2529363874
2578719306
2570814837
2515397450
2515400716
2513164215
2513177802
2513161052
2513172198
2513182428
2515841374
2834197048
2800473166
2800310855
2800994262
2538177756
2577547110
2577232840
2565670644
646222349
2587104232
2612348966
2800525076
2587300990
2805658117
2596802427
2538504352
2535709353
2565657424
2535647925
2532797609
2566301603
2566295923
2800512535
2600891411
2541373491
2792563082
651373055
2800358903
646221900
2536943126
2515393792
2800427302
648890715
2515399851
2513132074
2515362052
2800444793
2624735530
642808649
2800356520
2800520305
2529355578
641003531
650040530
2677441878
2589933689
2650972732
2589898991
2659867379
2529355577
2807598345
2807241869
2589927943
2563279320
2800331758
648905297
2793227505
2820792668
2801021953
2800440919
2801011556
2506842606
2800586331
2804837405
2758702375
2530092763
2729649466
650608366
2623410727
2729649466
2515841374
2844339541
2832070616
2843465079
2640015265
2804834806
2841392934
2799384807
2619597228
2735800907
2775680929
2804778595
2700332580
2804837405
2758702375
2530092763
2651040915
2645608546
2644370328
2698505560
2582692245
2523455589
2582790239
2838755606
2815889776
2805098939
2813658015
2718500309
2582703891
2617525672
2802560141
2834883856
2646568580
2755133975
2686406338
2840672305
2553922739
643194869
2839171811
2644683570
2832003358
2671244614
2644009986
2841712813
2620534418
2793151884
2791189121
2835305355
2633683355
2525218552
2789723109
2789733182
2789692800
2582819848
2789731449
2698168963
2789698336
2789711593
2737666289
2718434542
2597216593
2839332508
2649677051
2649627729
2624321972
2721268601
2576691755
2721482876
2720600946
2506620461
2581507654
2788133129
2633959559
2582670630
2701207138
2806098186
2510058628
2529761045
2514686060
2831684103
2599730630
2676879045
2523714848
2694969613
2694671373
2698172196
2695000979
2595649133
2596564163
2620489875
2687245777
2812947684
2843046464
2820789759
2778134819
2620733515
2623252289
2758353282
2635091198
2695092050
2718438304
2690577708
2640999868
2640517917
2832917348
651035263
2815260526
2731795544
2815819320
2800494411
2609640897
2739302867
2800441470
2694987848
2596233878
2810444233
2541325967
2757667243
2800410755
2639193836
2812675218
2597229042
2520878306
2677117884
2728092093
2624894459
2827968894
646145389
2690581469
2644969071
2685865070
2597129773
2843489515
2774502162
2775496311
2700346993
2638982584
2698068322
2841719940
2686405403
2600712378
2701189931
2800523416
2802774887
2624735610
2705678359
2800420287
2816429207
2624722225
2648912260
2800364705
2705640808
2705613985
2800543220
2800363617
2800409919
2800322915
2800441385
2800473168
2611871193
2800319498
2800987301
2800600889
2671584201
2800592892
2815320445
2624630949
2800404049
2800480178
2587161830
2800484641
2562539072
2800583203
2800302778
2800979820
2626519871
2800492717
2800525024
2832453418
2801046239
2800399245
2734690261
2624733411
2800610913
2801091187
2801040768
2800998432
2800609310
2705672426
2800484641
2800511858
2800594675
2800404049
2800480178
2801068496
2800538276
2800441385
2800583203
2800486703
2800980288
2800473168
2800308925
2800530947
2800307919
2800306892
2705643035
2800595105
2608636634
2608638639
2801013253
2800356520
2800520305
2800427302
2844339541
649893221
2582790239
2800505827
2624732756
2624720794
2705708443
2582703891
2800472598
2800526455
2595649133
2645608546
2799515842
2608637246
2657197525
2705614817
2523455589
2633683355
2525218552
2800586331
2506842606
2694671373
2800334389
2718500309
2624321972
2801008259
2582670630
2838755606
2690581469
2801057304
2800997241
2596564163
2802560141
2698168963
643194869
2640015265
2620322104
2841712813
2815889776
2805098939
2800593975
2800310855
2789723109
2789731449
2834883856
2635091198
2646568580
2789698336
2789733182
2789711593
2789692800
2708597442
2800551763
2775680929
2831684103
2708584595
2774502162
2775496311
2698505560
2597129773
2735800907
2701213014
2599730630
2587038104
2701207138
2617525672
2705669606
2804778595
2800512535
2800494411
2839171811
2801088051
2553922739
2523667939
2799384807
2800444793
2506620461
2695000979
2806098186
2843489515
2841392934
2836879497
2813658015
2800525076
2619597228
2638982584
2648912260
2793151884
2804834806
2820789759
2800358903
2801059560
2592948747
2582879829
2585417082
2620032967
2612409304
642334537
2582643246
2620028732
2698293902
2619625641
2620033631
2612381018
2734662516
2651058946
2617540166
2755133975
2718500309
2514686060
2839332508
2649677051
2721482876
2720600946
2581507654
2649627729
2633959559
2611871193
2721268601
2576691755
2529761045
2644969071
2644009986
2698068322
2841719940
2644683570
2695092050
2802774887
2799384807
2651040915
2700332580
2698225160
2839331765
2823239149
2821852521
2620322104
2619597228
2834883856
2646568580
2582692245
2600712378
2694987848
2810444233
2541325967
2644370328
2802560141
2523455589
2700346993
2676879045
2582670630
2718438304
2633683355
2525218552
2838755606
2523714848
2820789759
2816429207
2813658015
2844264768
2698172196
2617525672
2841712813
2724244124
2815889776
2804834806
2775680929
2805098939
2553922739
2735800907
2841392934
2817415332
2804778595
2582819848
2597229042
2520878306
2645608546
2793151884
2582703891
2582790239
2804837405
2758702375
2530092763
2728092093
2791189121
2698505560
2843046464
2585416920
642334537
2592948747
2619625641
2582879533
2582643246
2585417082
2734662516
2592945936
2734662661
2582882681
2592948747
2582879829
2817739007
2737723349
2620028732
2582643623
2787506290
2612381018
2612361305
2585417082
2582643246
2619625641
2734662516
642334537
2734662661
642330287
2612381018
2592948747
2592945241
2585416920
2612361355
2592948747
642334485
2787506290
2734662605
2612409304
2734653373
2612382196
2592948748
642334486
2582879829
642334486
2735800907
2612361305
2734653426
2804778595
2592945936
2582879605
642333329
2737723111
2592948822
2592945970
2538172690
2587025761
2600891411
2536943126
2589933689
2538177756
646222349
2587104232
2589898991
2577232840
2587203625
2519886011
2538504352
2535709353
2565670644
2807598345
2807241869
2612348966
2565657424
2535647925
648905297
2587300990
2589927943
2805658117
2596802427
641003531
2532797609
2519893170
2566301603
2566295923
2577547110
2541373491
2834197048
2650972732
650040530
2677441878
2793227505
648910613
2843595691
2536964408
648887548
2532797615
648904259
2587300983
646221900
2515397450
2513172198
2513182428
2515400716
2513164215
2513177802
2513161052
2621283032
2515399851
2659867379
2515393792
2513132074
2563279320
651373055
2515362052
648890715
2578729769
2573193585
2576020132
2700127468
2578719306
2570814837
2792563082
643041328
2517818653
2587005228
2789502265
650608366
2801057304
2800997241
2691734513
2801072149
2801008259
2800994262
2793230686
2800987562
2532891506
2800310855
2657156260
2800444793
2801088051
2815232454
2675891146
2701213014
2587038104
2532994467
2800551763
2696474454
2813029518
2551304154
2801011556
2800570520
2562537474
642808649
2592945936
2612381018
2585416920
2620033631
2612361355
2592948748
2585417082
2582643701
2734653373
2612382196
2563258752
2802432526
2800963407
2801020112
2800992305
646142573
651669287
2509597701
2800434081
2800424507
2800556099
2801058366
2800996880
2800337543
2799567647
2801014114
2545733361
646142572
650288495
647927676
2801033662
2800969196
2532891481
650288494
647927677
2532891482
2820650988
2800363617
2800543220
2597417304
2800364705
2562749532
2800440919
2800507699
2800473166
2800525076
2800310855
2624735530
2800551763
2800525024
2800322475
2774957398
2800316753
2800609936
2592947468
2588322083
2592945970
2582879605
2592948822
2612381018
642334560
2775680929
2734658530
2820650988
2643332435
2529355578
2529355577
2643332436
2529359008
2643333014
2529356396
2657156260
2820653504
2643332917
2778113389
2701213014
2587038104
2800525076
2705617888
2696473056
2582819848
2657164636
2562204307
2562731899
2705669606
2510058628
2506842606
2694969613
2800310855
2800427302
2800994262
2562537474
2800356520
2800520305
649893221
2801088051
2836879497
2708597442
2648912260
2800551763
2532891506
2801011556
2708584595
2705614817
2800987562
2800526455
2800505827
2800593975
2800322475
2562749532
2597417304
2800316753
2800609936
2800444793
2800494411
2529367236
2834197048
2800484641
650040530
2677441878
2650972732
2506844261
2536943126
2799515842
2804834806
2608637246
2657197525
2538177756
2624732756
2624720794
2800331758
646222349
2587104232
2612348966
2587300990
2805658117
2596802427
2577547110
2841392934
2633683355
2577232840
2538504352
2535709353
2565670644
2596233878
2565657424
2535647925
2532797609
2525218552
2566301603
2566295923
2541373491
2517818653
2800308925
2800334389
2800530947
643041328
2587005228
2800473166
2800404049
2800480178
2815889776
2805098939
2801091187
2515393792
2624735530
2718500309
2635091198
651373055
648890715
2515399851
2513132074
2515362052
2799384807
2800586331
2705706824
2800358903
2705672426
2563279320
2532994467
2827968894
2696474454
2551304154
2843489515
2801008259
2800594675
2813029518
2843595691
2800441385
2676879045
648887548
648910613
2576020132
2700127468
2563259814
2536964408
2834883856
2646568580
2800512535
2815232454
2800997241
2675891146
2801057304
2800440919
2832003358
2645608546
2832917348
2812675218
2801021953
2640015265
2735800907
2578729769
2573193585
2792563082
2801068496
646221900
2582703891
2800486703
2804837405
2804778595
2841712813
2839171811
2587161830
2758702375
2530092763
2578719306
2570814837
2705678359
2585859531
2587168906
2800420287
2596564163
2695000979
2617525672
2582790239
2644370328
2800307919
2800609310
2791189121
2600891411
2802560141
642808649
2800472598
2793151884
2600712378
2844339541
2757667243
2671244614
2620534418
2835305355
2800393699
2718438304
2595649133
650608366
2638982584
2620489875
2778134819
2523455589
2701189931
2698168963
2800492717
2832070616
2644683570
2690581469
2694987848
2698505560
641003531
2589933689
2589898991
2820789759
2807598345
2807241869
2793227505
2810444233
2589927943
2694671373
2775680929
2700332580
2651040915
2812947684
2541325967
2643334272
648905297
648904259
2755133975
2624321972
2624735610
2624722225
2689671917
2644009986
2695092050
2789502265
643194869
2813658015
2633959559
2562539072
2690577708
2624630949
2840672305
2563258752
2582692245
2529761045
2514686060
2800592892
2800507699
2734690261
2624735530
2800473166
2800440919
2800512535
2801011556
2800444793
2705612786
2562749532
2597417304
2800310855
2800525076
2705669606
2800432746
2801072149
2800994262
2701213014
2587038104
2801008259
2800997241
2801057304
2532891506
2801088051
2800393699
2657156260
2800551763
2562537474
2801021953
2800987562
2532994467
2696474454
2813029518
2551304154
2815232454
2675891146
2800590179
2800570520
2800358903
2801093241
2800331758
2576020132
2700127468
2792563082
2578729769
2573193585
2578719306
2517818653
650040530
2677441878
2650972732
643041328
2587005228
2570814837
2538177756
2834197048
646222349
2587104232
2612348966
2587300990
2805658117
2596802427
2577547110
2577232840
2538504352
2535709353
2565670644
2565657424
2535647925
2532797609
2566301603
2566295923
2541373491
2536943126
2515397450
2515400716
2513164215
2513177802
2513161052
2513172198
2513182428
2621283032
2843595691
2515393792
648887548
651373055
648890715
2515399851
648910613
2513132074
2563279320
2536964408
2515362052
650608366
2600891411
646221900
641003531
2589933689
2589898991
2807598345
2807241869
2589927943
2789502265
648904259
2793227505
648905297
2708597442
2708584595
642808649
2659867379
2532797615
2820792668
2800322475
2800316753
2800609936
2648912260
2643332614
2820762950
2800318845
2587203625
2800321093
2696473056
2643334272
2587300983
2553922739
2800494411
2643332054
2800987301
2529363874
2562539072
2800495846
2676879045
2624630949
2841712813
2694969613
2506620461
2800525024
2839171811
2597129773
2800364705
2705643035
2843489515
2800979820
2774502162
2801046239
2775496311
2626519871
2705712863
2510058628
2800319498
2800507699
2705617888
2800388716
2705620029
2820650988
2705678359
2582819848
2800420287
2800492717
2800322925
2800322915
2800431725
2806098186
2624896005
2800409919
2624735610
2624722225
2778134819
2801091187
646145389
2800302778
2800484641
2519886010
2718500309
2519893171
2800592892
2834883856
2646568580
2563258752
2624894459
2799384807
2585859531
2587168906
2596564163
2691736714
2800600889
2791189121
2832917348
2800441385
2800404049
2800480178
2800523416
2596233878
2620733515
2804837405
2599730630
2800543220
2519886011
2519893170
2800363617
2799515842
2608637246
2657197525
2800526455
2800593975
2800586331
2800334389
2624732756
2624720794
2800505827
2800472598
2800356520
2800520305
2800427302
2506842606
649893221
2705614817
2563259814
2800486703
2800594675
2800308925
2800473168
2800530947
2800404049
2800980288
2800480178
2705672426
2800538276
2800441385
2800511858
2801068496
2800583203
2800484641
2800307919
2801091187
2705643035
2800609310
2800306892
2705706824
2510058628
2608636634
2694969613
2506620461
2775680929
2599730630
2758702375
2800998432
2801040768
2530092763
2804837405
2806098186
2735800907
2648912260
2802560141
2804778595
2800610913
2804834806
2585859531
2587168906
2624733411
2841392934
2813658015
2774502162
2523455589
2775496311
2843489515
2791189121
2839171811
2644370328
2705617888
2657164636
2820762950
2646568580
2562204307
2562731899
2840672305
2834883856
2671244614
2620534418
2835305355
2582670630
2582819848
2705669606
2718434542
2800494411
2698168963
2597129773
2844339541
2676879045
2836879497
2596233878
2843465079
2800997241
2582692245
2801057304
2820789759
2633959559
2633683355
2525218552
2820650988
2801008259
2820792668
2793151884
2576020132
2700127468
2757667243
2801013253
2529761045
2514686060
2831684103
2532891506
2596564163
2620489875
2789723109
2789733182
2789692800
2789731449
2789698336
2789711593
2839332508
2649677051
2649627729
2721268601
2576691755
2721482876
2720600946
2581507654
2800595105
2597216593
2617525672
2799384807
2827968894
2695000979
2701795191
2686406338
2690581469
2553922739
2841712813
2698293902
2838755606
2694671373
2640015265
2595649133
2700346993
2734690261
2529367236
2657164636
2562731899
2562204307
2585859531
2587168906
2696473056
2800427302
2820650988
2800356520
2800520305
2705617888
2708584595
2708597442
2800494411
2506842606
2800505827
2800526455
2800420287
2624722225
2624735610
2705678359
649893221
2624732756
2624720794
2800586331
2800334389
2643332436
2799515842
2608637246
2657197525
2648912260
2643332435
2705614817
2705669606
2800523416
2800507699
2529363874
2643332054
2800310855
2563259814
2800388716
2800444793
2800404049
2800480178
2800472598
2800594675
2800441385
2801068496
2529355578
2529355577
2800600889
2800525076
2643332614
2800322915
2800512535
2800530947
2705672426
2510058628
2800979820
2801046239
