2599225073
2714676041
2770884455
637531092
2512789651
2512824271
650988192
646922983
2512825409
2541582434
637029738
2545401832
2512814246
2512782407
2686676946
2545403415
2512826006
2512837071
2512781527
2619184151
2633140424
2629488998
637931035
2634073847
2640779077
640955284
2584320056
2804842889
2648709336
2672795022
2807384232
2559276302
2807387180
2804948001
2512807263
2807385706
2674995641
651051950
2655945546
2807296012
2773006665
2814051407
2628382478
2721277922
637661230
2807304998
2807359517
2841528684
2807302048
2629511034
2807285015
2512800280
2655860915
2807373468
2553529057
2511528377
2807404918
2807303523
2586289052
2512707334
640951180
641234117
2512792885
2551863282
2512763196
2550336741
2511527251
2512796538
2843899288
2720312746
2512706344
2512717625
2746519021
2629092516
2719561610
2630824611
2512765960
2512737776
2512764579
2770884168
640953959
641529462
2550970151
2655869646
2691299691
2512797912
2655870510
644765613
644763338
2550918041
2655850386
2512704926
638413469
2550944793
2828503707
2549804914
2629591491
2828505155
2512749640
647539823
2550328017
637194044
640952593
2597928500
2636488884
2586111781
2834765875
2810147183
2695868045
2630819589
2629645515
2692025963
2693541256
2807247891
2558693742
2597448082
2812769685
2652257285
2693218029
2812772629
2657790573
2657778531
2657791559
2675050198
2656554486
2601789107
2696006042
2662123283
2675371107
2706855802
2715964628
2684681919
2706875416
2718873597
2744655737
2662812736
2723783256
2558693919
2807247482
2693542345
2661193412
2706931752
2587476664
2706927751
2810146902
2695865695
2703865323
2698601729
2659975041
2725370467
2725367460
2667369416
2552919349
2725373166
2775259985
2725362987
2656619478
2673077801
2707411871
2688381401
2688386123
2722797295
2684212125
2725422417
2706898355
2719939101
2696263532
2706894830
2580226104
2672828463
2725427351
2719574439
2831478551
2675167813
2707405616
2660974436
2699465929
640570286
2669534919
2659720945
2675515372
2661165498
2703818485
2669589614
2703826877
2683237372
2675150586
2663048324
2675070553
2666877771
2664904857
2692970295
2661577635
2703856055
2668995301
2703824221
2683240259
2670996910
2664665709
2659520863
2693981999
2663966454
2673174043
2674836864
2660846835
2691052881
2561981888
2703843525
2658040154
646780965
2729075972
2706966436
2706903427
2703805341
2674501628
2723777069
2844406041
2703846618
2678780297
2720172075
2719896043
2723108103
2706910201
637132428
2725409175
2555740102
2729078239
2706920200
2720681494
2677836747
2719870289
2795828886
2706850508
2719568130
2703878240
2663500134
2719844802
2703840655
2810087742
2725400543
2723780160
2706888429
2562394256
2721664588
2661436484
2706982278
2719873370
2559134849
637584184
2668790129
2725407500
2703882047
2683235404
2719867200
2684204658
2720871292
2703794707
2703892019
2602353783
2720864400
2723101888
2699724590
2706844347
2662606848
2706978495
2723105017
2721714206
2691089847
2559132381
2673230809
2706873085
2720856165
2720874372
2799535645
2720849925
2795832389
2691760561
2674988829
2703814157
2706869630
2706879100
2673814834
2703868493
2511793018
2706847880
2703792499
2725411517
2703834135
2690960307
2719565006
2706891569
2706969791
2721657742
2719876466
2677338355
2691093549
2674304753
2719942206
2649332907
2699335906
2720175164
2720853011
2670055479
2661947765
2562284047
2725403681
2721667692
2719577543
2673047296
2664673443
2703849917
2663325577
2703837625
2721704004
2719847841
2699977827
2706841619
2703778571
2699589614
2699031195
2684724396
2674633457
2703785604
2678153841
2672047929
2699215513
2703798785
2795836251
2609714831
2699611778
650624720
2706862312
2699470194
2699252494
2706908308
2678616398
2725362715
2678285996
2725396643
2730183923
2683354921
2699627074
2703820548
2706859368
2678909834
2703861542
2675868435
2694525549
2673977278
2683359715
2706922064
2674934548
2672829643
2703857911
2706953769
2699953244
2703800956
2703871096
2699374022
2725385492
2619014565
2699143010
2706959774
2706881181
2706852180
2725416849
2799538102
2799541452
2706956291
2703788723
2678672959
2725358625
2672145467
2545538325
2706938061
2674011054
2630821081
2673802266
2706964096
2699444144
2703887273
2719841668
2672572900
2706915533
2683364264
2659631901
2706865119
2703883976
2719851083
2703807821
2795839290
2673378592
2706973107
2677787086
2683361495
2699426081
2725383438
2720183694
2703830168
2844409217
2669429202
2706944474
2675034614
2674382651
2698906422
2706935002
2725390859
2729072694
2678590559
2725392038
2725420217
2795842558
2725378202
2629647007
2699601854
2677382605
2602364561
2703810988
2703782698
2674766491
2540815183
2675533005
637581251
2674453653
2582394428
2706941091
2721650868
2699981304
2684208113
2720180622
2706947539
2672905122
2699708008
2703874503
2706950280
2699745048
2706975754
2699960309
2672543367
2602360923
2670362184
2725380390
2706926957
2677323670
2677812288
2719571332
2674043953
2703852557
2707408641
2706914870
2706885230
2677805045
2683352691
2706901524
2662895533
2831367703
2774692693
2663895802
2670923230
2810232325
2669556099
2660448231
2558316121
2515880448
2664886745
2665950115
2662743790
2523176290
2661650298
647159264
2775319946
2775271958
648036770
2814690463
2663829801
2630593693
2766096176
2774639228
2683270634
2766096630
2661183492
2588060986
2660686664
2601789680
2696005412
2657779152
2669158069
2599810454
2776960628
645592089
2692022843
2698841406
2599814387
2793074534
2683234752
2629236176
2675048438
2656554091
2730235667
2800938720
2731090434
2731095984
2766096176
2601789680
2696005412
2692022843
2675048438
2656554091
2558693919
2807247482
2693542345
2630819589
2629645515
2656619478
2561981888
2670923230
2662123283
2675371107
2706855802
2523176290
2715964628
2684681919
2810232325
2706875416
2669556099
2661650298
2718873597
2744655737
2662812736
2723783256
2657791559
2729075972
2703805341
2674501628
2723777069
2844406041
2703846618
2678780297
2720172075
2719896043
2723108103
2706910201
637132428
2555740102
2729078239
2706920200
2720681494
2677836747
2719870289
2795828886
2719568130
2706850508
2703878240
2719844802
2725400543
2723780160
2706888429
2721664588
2562394256
2661436484
2719873370
2559134849
2725407500
2703882047
2719867200
2684204658
2703892019
2720864400
2723101888
2699724590
2706844347
2662606848
2706978495
2723105017
2691089847
2559132381
2673230809
2720856165
2720849925
2799535645
2795832389
2691760561
2674988829
2706869630
2706879100
2673814834
2511793018
2706847880
2703792499
2690960307
2719565006
2706891569
2721657742
2719876466
2691093549
2674304753
2719942206
2649332907
2699335906
2720175164
2720853011
2670055479
2661947765
2725403681
2721667692
2719577543
2673047296
2703849917
2663325577
2703837625
2721704004
2719847841
2630821081
2629647007
2674766491
2776960628
2722797295
2684212125
2725422417
2706898355
2719939101
2706894830
2580226104
2672828463
2725427351
2719574439
2707405616
2725378202
2706966436
2706903427
2703840655
2706982278
2668790129
2703794707
2706873085
2703814157
2703868493
2703834135
2706969791
2677338355
2562284047
2664673443
2795836251
2609714831
2706862312
2699470194
2673077801
2699252494
2678616398
2725362715
2678285996
2677812288
2699977827
2719571332
2725396643
2730183923
2683354921
2699627074
2703820548
2706841619
2706859368
2703778571
2678909834
2703861542
2673977278
2725409175
2706922064
2672829643
2688381401
2688386123
2703857911
2699589614
2706953769
2699031195
2703800956
2703871096
2699374022
2703852557
2725385492
2619014565
2699143010
2706959774
637584184
2706852180
2706881181
2684724396
2725416849
2706956291
2799538102
2799541452
2674633457
2703788723
2672145467
2678672959
2725358625
2545538325
2707408641
2706938061
2720871292
2674011054
2673802266
2706914870
2699444144
2706885230
2703887273
2719841668
2672572900
2706915533
2683364264
2703785604
2706865119
2678153841
2703883976
2719851083
2703807821
2795839290
2673378592
2677787086
2683361495
2725383438
2677805045
2703830168
2844409217
2669429202
2706944474
2721714206
2674382651
2720874372
2698906422
2706935002
2729072694
2725390859
2678590559
2725392038
2795842558
2699601854
2672047929
2725411517
2677382605
2602364561
2703810988
2540815183
2675533005
2699215513
637581251
2582394428
2706941091
2683352691
2674043953
2699981304
2684208113
2706947539
2657790573
2672905122
2706901524
2699708008
2675167813
2703874503
2706950280
2706975754
2699960309
2672543367
2602360923
2670362184
2725380390
2662895533
2677323670
2703798785
2660974436
2699611778
650624720
2699465929
2706908308
2707411871
2661193412
640570286
2706931752
2725370467
2675868435
2587476664
2683359715
2669534919
2674934548
2659720945
2663500134
2675515372
2725367460
2810087742
2661165498
2699953244
2703818485
2706927751
2669589614
2703826877
2706964096
2602353783
2659631901
2696263532
2683237372
2675150586
2706973107
2699426081
2720183694
2663048324
2675070553
2675034614
2666877771
2664904857
2725420217
2661577635
2692970295
2703856055
2725373166
2774692693
2668995301
2703824221
2703865323
2683240259
2703782698
2674453653
2670996910
2664665709
2659520863
2693981999
2721650868
2663966454
2673174043
2663895802
2698601729
2720180622
2674836864
2660846835
2691052881
2699745048
2703843525
2725362987
2658040154
2659975041
2706926957
646780965
2683235404
2663829801
2667369416
2552919349
2775259985
2657778531
2694525549
2810146902
2695865695
647159264
2558316121
2662743790
2775319946
2775271958
648036770
2664886745
2675050198
2656554486
2814690463
2660448231
2597448082
2812769685
2652257285
2693218029
2812772629
2515880448
2665950115
2657779152
645592089
2630593693
2692025963
2693541256
2807247891
2558693742
2683234752
2698841406
2599814387
2766096630
2601789107
2696006042
2693218685
2652256513
2812767418
2812770400
2597446080
2579962601
2774639228
2683270634
2695868045
2810147183
2669158069
2599810454
2660686664
2661183492
2588060986
2551935543
2731095984
2731090434
2693541256
2807247891
2558693742
2657790573
2675050198
2656554486
2692025963
2670923230
2766096630
2656619478
647159264
2775319946
2775271958
648036770
2661193412
2663829801
2665950115
2558316121
2664886745
2810146902
2601789107
2695865695
2696006042
2694525549
2630821081
2667369416
2552919349
2629647007
2775259985
2814690463
2663500134
2810087742
2812769685
2597448082
2652257285
2693218029
2812772629
2561981888
2662743790
2776960628
2660448231
2515880448
2523176290
2810232325
2669556099
2661650298
2630819589
2629645515
2683235404
2729075972
2703805341
2674501628
2723777069
2844406041
2703846618
2678780297
2720172075
2719896043
2723108103
2706910201
2706931752
637132428
2587476664
2555740102
2729078239
2706920200
2720681494
2677836747
2719870289
2795828886
2719568130
2706850508
2703878240
2719844802
2725400543
2723780160
2706888429
2721664588
2562394256
2661436484
2706927751
2719873370
2559134849
2725407500
2703882047
2719867200
2684204658
2703892019
2720864400
2723101888
2699724590
2706844347
2662606848
2706978495
2723105017
2691089847
2559132381
2673230809
2720856165
2799535645
2720849925
2795832389
2691760561
2674988829
2706869630
2706879100
2673814834
2511793018
2706847880
2703792499
2690960307
2703865323
2719565006
2706891569
2721657742
2719876466
2691093549
2674304753
2719942206
2649332907
2699335906
2720175164
2698601729
2720853011
2670055479
2661947765
2725403681
2721667692
2719577543
2673047296
2703849917
2663325577
2659975041
2703837625
2721704004
2719847841
2657778531
2722797295
2684212125
2725422417
2706898355
2719939101
2706894830
2674766491
2672828463
2580226104
2725427351
2719574439
2707405616
2706966436
2706903427
2703840655
2706982278
637584184
2668790129
2720871292
2703794707
2721714206
2706873085
2720874372
2703814157
2703868493
2703834135
2706969791
2677338355
2562284047
2664673443
2706862312
2662123283
2699470194
2678616398
2675371107
2725362715
2699627074
2703820548
2703861542
2725409175
2706922064
2672829643
2703857911
2703800956
2703871096
2699374022
2725385492
2699143010
2706881181
2799538102
2799541452
2678672959
2725358625
2545538325
2673802266
2699444144
2703887273
2719841668
2706915533
2706865119
2703883976
2703807821
2673378592
2677787086
2725383438
2720183694
2703830168
2674382651
2698906422
2729072694
2725390859
2678590559
2725411517
2677382605
2602364561
2703810988
2540815183
2675533005
637581251
2582394428
2721650868
2720180622
2672905122
2703874503
2672543367
2602360923
2670362184
2725380390
2795836251
2609714831
2699611778
650624720
2673077801
2699252494
2706908308
2678285996
2677812288
2699977827
2719571332
2725396643
2730183923
2683354921
2706841619
2706859368
2703778571
2678909834
2706855802
2675868435
2673977278
2683359715
2674934548
2688381401
2688386123
2699589614
2706953769
2699031195
2699953244
2703852557
2619014565
2706959774
2684724396
2706852180
2725416849
2706956291
2703788723
2674633457
2672145467
2715964628
2707408641
2706938061
2674011054
2706964096
2706914870
2706885230
2672572900
2683364264
2659631901
2684681919
2703785604
2678153841
2719851083
2795839290
2706973107
2683361495
2699426081
2677805045
2844409217
2669429202
2706944474
2675034614
2706875416
2706935002
2725392038
2725420217
2795842558
2672047929
2699601854
2718873597
2703782698
2699215513
2674453653
2744655737
2706941091
2683352691
2662812736
2674043953
2699981304
2684208113
2706947539
2706901524
2699708008
2675167813
2723783256
2706950280
2699745048
2699960309
2706975754
2662895533
2706926957
2677323670
2703798785
2725370467
2725367460
2602353783
2725373166
2725362987
2696263532
2725378202
2660974436
2699465929
2707411871
640570286
2669534919
2659720945
2675515372
2661165498
2703818485
2669589614
2703826877
2683237372
2675150586
2663048324
2675070553
2666877771
2664904857
2661577635
2692970295
2703856055
2668995301
2703824221
2683240259
2670996910
2664665709
2659520863
2693981999
2663966454
2673174043
2674836864
2660846835
2691052881
2703843525
2658040154
646780965
2774692693
2663895802
2558693919
2807247482
2693542345
2774639228
2683270634
2692022843
2657779152
2630593693
2698841406
2599814387
2683234752
2657791559
2693218685
2652256513
2812767418
2812770400
2597446080
645592089
2669158069
2599810454
2661183492
2588060986
2675048438
2766096176
2656554091
2601789680
2696005412
2660686664
2695868045
2810147183
2551935543
2579962601
2831478551
2831367703
2551935544
2694527286
2665951399
2663830798
2558317327
2664886635
2814692043
2775273471
2775321411
648038147
647161552
2714676041
2672795022
2599225073
2770884168
2730235667
2793074534
2800938720
2629236176
2791843583
2807227398
2773000121
2789391076
2791845564
2731095984
2731090434
2831478551
2695868045
2810147183
2831367703
2766096630
2692025963
2770884455
2828503707
2828505155
2770884168
2599225073
637531092
2512789651
2512824271
2584320056
2619184151
2804842889
2586289052
651051950
2721277922
641234117
2807384232
2559276302
2807387180
2512807263
2633140424
2807385706
2629488998
2674995641
2655945546
2807296012
2773006665
2628382478
2640779077
637661230
2807304998
2807359517
2648709336
2841528684
2807302048
2629511034
2512792885
2807285015
2512800280
2807373468
2511528377
2807404918
2807303523
2551863282
2843899288
644763338
2655869646
647539823
640952593
2512797912
2655870510
2511527251
2655850386
2512796538
646922983
2512825409
2541582434
637029738
2545401832
2512814246
2512782407
2686676946
2545403415
2512826006
2512837071
2512781527
2512707334
640951180
2597928500
2550336741
2550970151
2550328017
638413469
2512763196
2549804914
637194044
644765613
2550918041
2720312746
2512706344
2512717625
2691299691
2629092516
2719561610
2630824611
2512749640
2512765960
2512737776
2512764579
640953959
641529462
2512704926
2550944793
2629591491
650988192
2746519021
2804948001
2553529057
2814051407
2655860915
637931035
2634073847
2655917717
640955284
2812756978
2629393919
2630594878
2582865465
2583032054
2582895319
2582991629
650988192
637531092
2512789651
2512824271
2746519021
2512704926
2629591491
646922983
2512825409
2541582434
637029738
2545401832
2512814246
2512782407
2686676946
2545403415
2512826006
2512837071
2512781527
2619184151
2843899288
647539823
2655869646
2674995641
2648709336
2512800280
2512797912
2655870510
2655850386
2807384232
2584320056
2559276302
2807387180
2633140424
2512807263
2807385706
2629488998
651051950
2807296012
2773006665
2597928500
2640779077
2721277922
2807304998
2807359517
2841528684
2807302048
2512792885
641234117
2807285015
2807373468
2511528377
2807404918
2807303523
2551863282
2804842889
2655945546
2628382478
637661230
2804948001
2553529057
2511527251
2512796538
2550328017
638413469
2549804914
637194044
644765613
2550336741
644763338
2550918041
2720312746
2512706344
2512717625
2691299691
2629092516
2719561610
2630824611
2512765960
2512737776
2512764579
640953959
641529462
2586289052
640952593
2629511034
2550944793
637931035
2634073847
640955284
2550970151
2512749640
2512763196
2814051407
2655860915
2512707334
640951180
2636488884
2586111781
2636488884
650988192
2710951618
2586289052
2843899288
637531092
2512789651
641234117
2512763196
2512824271
2550336741
2674995641
2597928500
2584320056
2512800280
2807384232
2559276302
2807387180
2512807263
2807385706
651051950
2807296012
647539823
2814051407
2640779077
2807304998
2807359517
2648709336
2841528684
2807302048
2629511034
2512792885
2807285015
2655860915
2807373468
2511528377
2807404918
2807303523
2551863282
2550970151
2804842889
2720312746
2633140424
2629488998
2655869646
2655945546
2512706344
2512717625
2629092516
2719561610
2773006665
2550328017
2628382478
2630824611
637661230
2721277922
2512749640
638413469
2512765960
2512737776
2512797912
2512764579
2549804914
637194044
2655870510
644765613
640953959
644763338
2550918041
641529462
2655850386
2746519021
2691299691
2634073847
2619184151
2550944793
640955284
637931035
640952593
2512704926
2629591491
2834765875
2804948001
2553529057
2511527251
2512796538
646922983
2512707334
640951180
2512825409
2541582434
637029738
2545401832
2512814246
2512782407
2686676946
2545403415
2512826006
2512837071
2512781527
2655917717
2812756978
2629393919
2710917665
2582895319
2582991629
2599225073
2630594878
2807384232
2559276302
2807387180
2512807263
2807385706
651051950
2807296012
2773006665
2721277922
2807304998
2807359517
2841528684
2807302048
2629511034
2807285015
2807373468
2511528377
2807404918
2807303523
2674995641
641234117
2512800280
2550970151
644765613
2550918041
2633140424
2629488998
2512704926
2640779077
2550944793
2629591491
2586289052
2655869646
2691299691
2550328017
638413469
2512797912
2549804914
2655870510
637194044
644763338
2655850386
2804842889
2655945546
2619184151
2628382478
637661230
2511527251
2512796538
2843899288
2720312746
2512706344
2512717625
2746519021
2629092516
2719561610
2630824611
2512749640
2512765960
2512737776
2512764579
640953959
2550336741
641529462
2584320056
2512792885
2512763196
2551863282
2648709336
640952593
2512707334
640951180
2597928500
646922983
2512825409
2541582434
637029738
2545401832
2512814246
647539823
2512782407
2686676946
2545403415
2512826006
2512837071
2512781527
637531092
2512789651
2512824271
2655917717
2812756978
2629393919
2804948001
2553529057
2634073847
640955284
637931035
2814051407
2655860915
2834763169
2834765875
650988192
2582865465
2583032054
2636488884
2586111781
2710951618
2710917665
2834763170
2582895319
2582991629
2555823628
2630594878
2599225073
2770884455
2770884168
2828503707
2697052205
2630593280
2692023050
648037438
2775320623
647158543
2775272704
2789511015
2665948405
2582894871
2582991999
2665951355
2582865465
2583032054
2612356351
642335455
2734662355
648037628
2775320814
647162187
2775272905
2612386634
2629647967
2630822041
