You have looked for conserved neighbourhood for pfam02696 domain, in range 5000 bp, in escherichia organisms.
In my database there was 314 escherichia genomes and in 313 searched domain was found
['Pfam domain', 'PVALUE', 'sum in neighbourhood', 'average in neighbourhood', 'min in neighbourhood', 'max in neighbourhood', 'sum in genome', 'average in genome', 'min in genome', 'max in genome']
pfam00005	8.866173003076835e-51	299.0	0.9522292993630573	1.0	1.0	26095.0	83.10509554140127	70.0	135.0
pfam00113	0.31731050786291415	1.0	0.0031847133757961785	1.0	1.0	343.0	1.0923566878980893	1.0	3.0
pfam00216	2.3187634754744033e-46	272.0	0.8662420382165605	1.0	1.0	1254.0	3.9936305732484074	3.0	5.0
pfam00255	1.2920310136966406e-50	298.0	0.9490445859872612	1.0	1.0	316.0	1.0063694267515924	1.0	4.0
pfam00391	2.9893958388957164e-52	308.0	0.9808917197452229	1.0	1.0	1870.0	5.955414012738854	3.0	9.0
pfam00501	0.10880943004054568	3.0	0.009554140127388535	1.0	1.0	3702.0	11.789808917197453	8.0	23.0
pfam00563	4.174151803131078e-51	301.0	0.9585987261146497	1.0	1.0	5444.0	17.337579617834393	13.0	21.0
pfam00589	0.00019643672621231134	19.0	0.06050955414012739	1.0	2.0	6586.0	20.97452229299363	10.0	36.0
pfam00665	0.31731050786291415	1.0	0.0031847133757961785	1.0	1.0	3768.0	12.0	1.0	69.0
pfam00766	0.31731050786291415	1.0	0.0031847133757961785	1.0	1.0	906.0	2.8853503184713376	1.0	5.0
pfam00793	6.6278384001516535e-53	313.0	0.9968152866242038	1.0	2.0	1302.0	4.146496815286624	3.0	6.0
pfam00877	6.08344566321312e-51	300.0	0.9554140127388535	1.0	1.0	1920.0	6.114649681528663	3.0	15.0
pfam00890	0.31731050786291415	1.0	0.0031847133757961785	1.0	1.0	1525.0	4.856687898089172	4.0	12.0
pfam01012	0.31731050786291415	1.0	0.0031847133757961785	1.0	1.0	1739.0	5.538216560509555	2.0	15.0
pfam01032	6.083331478840268e-51	301.0	0.9585987261146497	1.0	2.0	2159.0	6.875796178343949	4.0	14.0
pfam01274	0.31731050786291415	1.0	0.0031847133757961785	1.0	1.0	552.0	1.7579617834394905	1.0	4.0
pfam01326	2.989324863433361e-52	309.0	0.9840764331210191	1.0	2.0	316.0	1.0063694267515924	1.0	4.0
pfam01351	0.31731050786291415	1.0	0.0031847133757961785	1.0	1.0	317.0	1.0095541401273886	1.0	3.0
pfam01409	0.31731050786291415	1.0	0.0031847133757961785	1.0	1.0	317.0	1.0095541401273886	1.0	3.0
pfam01494	0.31731050786291415	1.0	0.0031847133757961785	1.0	1.0	2230.0	7.101910828025478	5.0	11.0
pfam01588	1.5259921638856618e-45	267.0	0.8503184713375797	1.0	1.0	942.0	3.0	2.0	5.0
pfam01609	0.31731050786291415	1.0	0.0031847133757961785	1.0	1.0	2343.0	7.461783439490445	1.0	40.0
pfam02652	0.31731050786291415	1.0	0.0031847133757961785	1.0	1.0	607.0	1.9331210191082802	1.0	9.0
pfam02696	1.0084007701542848e-53	323.0	1.0286624203821657	1.0	2.0	317.0	1.0095541401273886	1.0	2.0
pfam02811	0.31731050786291415	1.0	0.0031847133757961785	1.0	1.0	926.0	2.949044585987261	1.0	5.0
pfam02896	2.9894135830200437e-52	309.0	0.9840764331210191	1.0	2.0	1609.0	5.124203821656051	3.0	11.0
pfam03147	4.9267658246406904e-46	270.0	0.8598726114649682	1.0	1.0	312.0	0.9936305732484076	1.0	1.0
pfam03400	0.06788915486182899	5.0	0.01592356687898089	1.0	2.0	2322.0	7.3949044585987265	1.0	82.0
pfam03483	7.181563597758152e-46	269.0	0.856687898089172	1.0	1.0	317.0	1.0095541401273886	1.0	2.0
pfam03484	4.9267658246406904e-46	270.0	0.8598726114649682	1.0	1.0	313.0	0.9968152866242038	1.0	2.0
pfam03618	1.4075393532307472e-52	310.0	0.9872611464968153	1.0	1.0	313.0	0.9968152866242038	1.0	2.0
pfam03811	0.17971249487899976	2.0	0.006369426751592357	1.0	1.0	1445.0	4.601910828025478	1.0	71.0
pfam04381	0.31731050786291415	1.0	0.0031847133757961785	1.0	1.0	346.0	1.1019108280254777	1.0	3.0
pfam05598	0.31731050786291415	1.0	0.0031847133757961785	1.0	1.0	283.0	0.9012738853503185	1.0	17.0
pfam07221	0.31731050786291415	1.0	0.0031847133757961785	1.0	1.0	213.0	0.678343949044586	1.0	2.0
pfam07733	0.31731050786291415	1.0	0.0031847133757961785	1.0	1.0	324.0	1.0318471337579618	1.0	6.0
pfam08240	0.31731050786291415	1.0	0.0031847133757961785	1.0	1.0	4862.0	15.48407643312102	11.0	20.0
pfam10636	1.407547600442199e-52	310.0	0.9872611464968153	1.0	1.0	310.0	0.9872611464968153	1.0	1.0
pfam12759	0.17971249487899976	2.0	0.006369426751592357	1.0	1.0	1409.0	4.487261146496815	1.0	63.0
pfam13193	0.10880943004054568	3.0	0.009554140127388535	1.0	1.0	2417.0	7.697452229299363	5.0	12.0
pfam13276	0.31731050786291415	1.0	0.0031847133757961785	1.0	1.0	2013.0	6.410828025477707	1.0	57.0
